Sheduling Policy:
FCFS
Output parameters for all processes:
P1 0 3 1 3 3 23.8667 0 0 0 19.5333
P2 2 6 2 9 7 23.8667 1 0 1 19.5333
P3 4 7 3 16 12 23.8667 5 0 5 19.5333
P4 6 4 4 20 14 23.8667 10 0 10 19.5333
P5 8 2 5 22 14 23.8667 12 0 12 19.5333
P6 10 3 1 25 15 23.8667 12 0 12 19.5333
P7 12 6 2 31 19 23.8667 13 0 13 19.5333
P8 14 8 3 39 25 23.8667 17 0 17 19.5333
p9 14 1 2 40 26 23.8667 25 0 25 19.5333
p10 16 5 1 45 29 23.8667 24 0 24 19.5333
p11 16 7 1 52 36 23.8667 29 0 29 19.5333
p12 18 3 5 55 37 23.8667 34 0 34 19.5333
p13 19 2 2 57 38 23.8667 36 0 36 19.5333
p14 20 3 3 60 40 23.8667 37 0 37 19.5333
p15 22 5 2 65 43 23.8667 38 0 38 19.5333
Order of sheduling processes:
P1 P2 P3 P4 P5 P6 P7 P8 p9 p10 p11 p12 p13 p14 p15 
Number of times each process has been scheduled:
P1 1
P2 1
P3 1
P4 1
P5 1
P6 1
P7 1
P8 1
p9 1
p10 1
p11 1
p12 1
p13 1
p14 1
p15 1
