Sheduling Policy:
HRRN
Output parameters for all processes:
P1 0 3 1 3 3 19.2 0 0 0 14.8667
P2 2 6 2 9 7 19.2 1 0 1 14.8667
P3 4 7 3 16 12 19.2 5 0 5 14.8667
P4 6 4 4 23 17 19.2 13 0 13 14.8667
P5 8 2 5 18 10 19.2 8 0 8 14.8667
P6 10 3 1 26 16 19.2 13 0 13 14.8667
P7 12 6 2 37 25 19.2 19 0 19 14.8667
P8 14 8 3 65 51 19.2 43 0 43 14.8667
p9 14 1 2 19 5 19.2 4 0 4 14.8667
p10 16 5 1 45 29 19.2 24 0 24 14.8667
p11 16 7 1 52 36 19.2 29 0 29 14.8667
p12 18 3 5 31 13 19.2 10 0 10 14.8667
p13 19 2 2 28 9 19.2 7 0 7 14.8667
p14 20 3 3 40 20 19.2 17 0 17 14.8667
p15 22 5 2 57 35 19.2 30 0 30 14.8667
Order of sheduling processes:
P1 P2 P3 P5 p9 P4 P6 p13 p12 P7 p14 p10 p11 p15 P8 
Number of times each process has been scheduled:
P1 1
P2 1
P3 1
P4 1
P5 1
P6 1
P7 1
P8 1
p9 1
p10 1
p11 1
p12 1
p13 1
p14 1
p15 1
