Sheduling Policy:
Priority
Output parameters for all processes:
P1 0 3 1 3 3 21.9333 0 0 0 17.6
P2 2 6 2 9 7 21.9333 1 0 1 17.6
P3 4 7 3 22 18 21.9333 11 0 11 17.6
P4 6 4 4 15 9 21.9333 5 0 5 17.6
P5 8 2 5 11 3 21.9333 1 0 1 17.6
P6 10 3 1 53 43 21.9333 40 0 40 17.6
P7 12 6 2 42 30 21.9333 24 0 24 17.6
P8 14 8 3 33 19 21.9333 11 0 11 17.6
p9 14 1 2 43 29 21.9333 28 0 28 17.6
p10 16 5 1 58 42 21.9333 37 0 37 17.6
p11 16 7 1 65 49 21.9333 42 0 42 17.6
p12 18 3 5 25 7 21.9333 4 0 4 17.6
p13 19 2 2 45 26 21.9333 24 0 24 17.6
p14 20 3 3 36 16 21.9333 13 0 13 17.6
p15 22 5 2 50 28 21.9333 23 0 23 17.6
Order of sheduling processes:
P1 P2 P5 P4 P3 p12 P8 p14 P7 p9 p13 p15 P6 p10 p11 
Number of times each process has been scheduled:
P1 1
P2 1
P3 1
P4 1
P5 1
P6 1
P7 1
P8 1
p9 1
p10 1
p11 1
p12 1
p13 1
p14 1
p15 1
