Sheduling Policy:
SJF
Output parameters for all processes:
P1 0 3 1 3 3 16.4 0 0 0 12.0667
P2 2 6 2 9 7 16.4 1 0 1 12.0667
P3 4 7 3 50 46 16.4 39 0 39 12.0667
P4 6 4 4 19 13 16.4 9 0 9 12.0667
P5 8 2 5 11 3 16.4 1 0 1 12.0667
P6 10 3 1 14 4 16.4 1 0 1 12.0667
P7 12 6 2 43 31 16.4 25 0 25 12.0667
P8 14 8 3 65 51 16.4 43 0 43 12.0667
p9 14 1 2 15 1 16.4 0 0 0 12.0667
p10 16 5 1 37 21 16.4 16 0 16 12.0667
p11 16 7 1 57 41 16.4 34 0 34 12.0667
p12 18 3 5 24 6 16.4 3 0 3 12.0667
p13 19 2 2 21 2 16.4 0 0 0 12.0667
p14 20 3 3 27 7 16.4 4 0 4 12.0667
p15 22 5 2 32 10 16.4 5 0 5 12.0667
Order of sheduling processes:
P1 P2 P5 P6 p9 P4 p13 p12 p14 p15 p10 P7 P3 p11 P8 
Number of times each process has been scheduled:
P1 1
P2 1
P3 1
P4 1
P5 1
P6 1
P7 1
P8 1
p9 1
p10 1
p11 1
p12 1
p13 1
p14 1
p15 1
