Sheduling Policy:
SRTN
Output parameters for all processes:
P1 0 3 1 3 3 18.8 0 0 0 14.4667
P2 2 6 2 9 7 18.8 1 0 1 14.4667
P3 4 7 3 58 54 18.8 47 0 47 14.4667
P4 6 4 4 36 30 18.8 26 0 26 14.4667
P5 8 2 5 11 3 18.8 1 0 1 14.4667
P6 10 3 1 14 4 18.8 1 0 1 14.4667
P7 12 6 2 51 39 18.8 33 0 33 14.4667
P8 14 8 3 40 26 18.8 0 18 18 14.4667
p9 14 1 2 22 8 18.8 7 0 7 14.4667
p10 16 5 1 45 29 18.8 24 0 24 14.4667
p11 16 7 1 65 49 18.8 42 0 42 14.4667
p12 18 3 5 21 3 18.8 0 0 0 14.4667
p13 19 2 2 29 10 18.8 8 0 8 14.4667
p14 20 3 3 32 12 18.8 9 0 9 14.4667
p15 22 5 2 27 5 18.8 0 0 0 14.4667
Order of sheduling processes:
P1 P2 P5 P6 P8 p9 p15 p13 p14 P4 P8 p10 P7 P3 p11 
Number of times each process has been scheduled:
P1 1
P2 1
P3 1
P4 1
P5 1
P6 1
P7 1
P8 2
p9 1
p10 1
p11 1
p12 0
p13 1
p14 1
p15 1
